acorn-encryption,
24.18,
24.06,
24.04,
24.03,
24.04,
24.04,
24.04,
24.04,
24.04,
24.03,
24.06,
24.06,
24.05,
24.05,
24.06,
24.06,
24.03,
24.03,
24.04,
24.04,
24.04,
24.04,
24.04,
24.04,
24.06,
24.06,
24.05,
24.05,
24.06,
24.05,
24.03,
24.04,
24.04,
24.03,
24.04,
24.04,
24.03,
24.03,
24.06,
24.05,
24.05,
24.06,
24.06,
24.05,
24.03,
24.04,
24.04,
24.04,
24.04,
24.04,
24.04,
24.03,
24.06,
24.05,
24.05,
24.06,
24.06,
24.05,
24.03,
24.04,
24.04,
24.04,
24.04,
24.03,
24.04,
24.04,
24.06,
24.05,
24.05,
24.06,
24.05,
24.05,
24.06,
24.04,
24.04,
24.04,
24.04,
24.04,
24.03,
24.04,
24.04,
24.05,
24.06,
24.06,
24.05,
24.05,
24.06,
24.04,
24.04,
24.04,
24.04,
24.04,
24.04,
24.04,
24.03,
24.05,
24.06,
24.06,
24.05,
24.05,
24.05,
24.04,
24.03,
24.04,
24.04,
24.03,
24.04,
24.04,
24.03,
24.05,
24.06,
24.05,
24.05,
24.06,
24.06,
24.04,
24.04,
24.04,
24.03,
24.04,
24.04,
24.04,
24.03,
24.06,
24.06,
24.05,
24.05,
24.06,
24.06,
24.03,
24.04,
24.04,
24.04,
24.04,
24.04,
24.03,
24.04,
24.06,
24.06,
24.05,
24.05,
24.06,
24.05,
24.03,
24.04,
24.04,
24.03,
24.03,
24.04,
24.04,
24.04,
24.06,
24.06,
24.05,
24.06,
24.05,
24.05,
24.05,
24.04,
24.04,
24.03,
24.04,
24.04,
24.03,
24.04,
24.04,
24.05,
24.05,
24.06,
24.06,
24.05,
24.05,
24.04,
24.04,
24.04,
24.04,
24.04,
24.04,
24.04,
24.04,
24.05,
24.05,
24.06,
24.06,
24.05,
24.06,
24.04,
24.04,
24.03,
24.04,
24.04,
24.04,
24.04,
24.04,
24.05,
24.05,
24.06,
24.05,
24.05,
24.06,