acorn-decryption,
23.28,
23.20,
23.18,
23.20,
23.19,
23.21,
23.19,
23.19,
23.21,
23.19,
23.20,
23.18,
23.19,
23.21,
23.19,
23.21,
23.19,
23.21,
23.18,
23.19,
23.20,
23.18,
23.21,
23.19,
23.19,
23.19,
23.19,
23.20,
23.18,
23.20,
23.19,
23.19,
23.21,
23.19,
23.20,
23.19,
23.20,
23.18,
23.18,
23.21,
23.19,
23.21,
23.19,
23.19,
23.21,
23.18,
23.20,
23.18,
23.21,
23.19,
23.19,
23.21,
23.19,
23.21,
23.19,
23.19,
23.18,
23.19,
23.20,
23.19,
23.21,
23.19,
23.19,
23.20,
23.18,
23.20,
23.19,
23.21,
23.19,
23.19,
23.20,
23.19,
23.20,
23.18,
23.18,
23.21,
23.19,
23.21,
23.19,
23.20,
23.19,
23.18,
23.20,
23.18,
23.21,
23.19,
23.19,
23.19,
23.19,
23.21,
23.18,
23.20,
23.18,
23.19,
23.20,
23.19,
23.20,
23.19,
23.20,
23.18,
23.18,
23.20,
23.19,
23.21,
23.19,
23.19,
23.21,
23.19,
23.20,
23.18,
23.21,
23.19,
23.19,
23.21,
23.19,
23.21,
23.18,
23.19,
23.19,
23.19,
23.21,
23.19,
23.21,
23.19,
23.19,
23.20,
23.18,
23.20,
23.19,
23.20,
23.19,
23.19,
23.20,
23.19,
23.20,
23.18,
23.18,
23.21,
23.19,
23.21,
23.19,
23.20,
23.19,
23.18,
23.20,
23.18,
23.21,
23.19,
23.19,
23.19,
23.19,
23.21,
23.19,
23.20,
23.19,
23.19,
23.21,
23.19,
23.21,
23.19,
23.21,
23.19,
23.18,
23.20,
23.19,
23.21,
23.19,
23.19,
23.21,
23.19,
23.20,
23.18,
23.21,
23.19,
23.19,
23.21,
23.19,
23.21,
23.18,
23.19,
23.19,
23.19,
23.21,
23.19,
23.21,
23.19,
23.19,
23.20,
23.18,
23.20,
23.19,
23.20,
23.19,
23.19,
23.21,
23.19,
23.20,
23.18,
23.18,
23.21,