aes-encryption,
124.79,
126.43,
124.66,
126.40,
124.66,
126.42,
124.68,
126.43,
124.66,
126.41,
124.66,
126.42,
124.68,
126.42,
124.66,
126.41,
124.66,
126.43,
124.68,
126.42,
124.66,
126.41,
124.66,
126.43,
124.68,
126.43,
124.68,
126.40,
124.66,
126.40,
124.68,
126.43,
124.68,
126.41,
124.66,
126.41,
124.67,
126.42,
124.68,
126.40,
124.66,
126.42,
124.68,
126.42,
124.68,
126.42,
124.66,
126.41,
124.66,
126.43,
124.68,
126.43,
124.66,
126.41,
124.66,
126.42,
124.68,
126.43,
124.66,
126.41,
124.66,
126.42,
124.67,
126.42,
124.66,
126.42,
124.66,
126.43,
124.68,
126.42,
124.67,
126.41,
124.66,
126.42,
124.68,
126.43,
124.68,
126.40,
124.66,
126.40,
124.68,
126.43,
124.68,
126.43,
124.66,
126.41,
124.66,
126.42,
124.68,
126.43,
124.66,
126.41,
124.66,
126.42,
124.67,
126.42,
124.66,
126.42,
124.66,
126.43,
124.68,
126.42,
124.66,
126.40,
124.66,
126.43,
124.68,
126.43,
124.68,
126.40,
124.66,
126.40,
124.68,
126.42,
124.68,
126.41,
124.66,
126.40,
124.68,
126.42,
124.67,
126.42,
124.66,
126.41,
124.66,
126.43,
124.68,
126.42,
124.66,
126.40,
124.66,
126.43,
124.68,
126.43,
124.66,
126.40,
124.66,
126.42,
124.68,
126.43,
124.66,
126.41,
124.66,
126.42,
124.68,
126.42,
124.68,
126.41,
124.66,
126.41,
124.68,
126.42,
124.67,
126.41,
124.66,
126.41,
124.68,
126.43,
124.68,
126.42,
124.66,
126.40,
124.66,
126.43,
124.68,
126.43,
124.66,
126.41,
124.66,
126.42,
124.68,
126.42,
124.66,
126.41,
124.66,
126.42,
124.68,
126.42,
124.66,
126.40,
124.66,
126.43,
124.68,
126.42,
124.68,
126.40,
124.66,
126.40,
124.68,
126.43,
124.68,
126.41,
124.66,
126.41,
124.67,
126.42,
124.68,
126.43,
124.66,
126.41,