ascon-encryption,
45.38,
45.25,
45.25,
45.25,
45.25,
45.25,
45.25,
45.24,
45.25,
45.25,
45.23,
45.25,
45.26,
45.23,
45.25,
45.25,
45.23,
45.25,
45.25,
45.24,
45.25,
45.25,
45.23,
45.25,
45.26,
45.23,
45.25,
45.25,
45.23,
45.25,
45.25,
45.24,
45.25,
45.25,
45.23,
45.25,
45.26,
45.25,
45.26,
45.25,
45.25,
45.25,
45.23,
45.26,
45.25,
45.23,
45.25,
45.25,
45.23,
45.24,
45.26,
45.23,
45.25,
45.25,
45.23,
45.26,
45.25,
45.23,
45.25,
45.25,
45.23,
45.25,
45.25,
45.23,
45.25,
45.25,
45.23,
45.25,
45.25,
45.23,
45.25,
45.25,
45.23,
45.25,
45.26,
45.25,
45.25,
45.25,
45.25,
45.25,
45.23,
45.25,
45.25,
45.23,
45.25,
45.25,
45.24,
45.25,
45.25,
45.23,
45.25,
45.25,
45.23,
45.26,
45.25,
45.23,
45.25,
45.25,
45.24,
45.25,
45.24,
45.23,
45.25,
45.25,
45.23,
45.25,
45.25,
45.23,
45.25,
45.25,
45.26,
45.25,
45.26,
45.25,
45.25,
45.23,
45.25,
45.25,
45.23,
45.25,
45.25,
45.23,
45.25,
45.25,
45.24,
45.25,
45.25,
45.23,
45.25,
45.26,
45.23,
45.25,
45.25,
45.23,
45.25,
45.25,
45.24,
45.25,
45.25,
45.23,
45.25,
45.26,
45.23,
45.26,
45.25,
45.23,
45.25,
45.25,
45.25,
45.25,
45.25,
45.25,
45.25,
45.23,
45.25,
45.26,
45.23,
45.24,
45.25,
45.23,
45.26,
45.25,
45.23,
45.25,
45.25,
45.23,
45.25,
45.25,
45.23,
45.25,
45.25,
45.23,
45.25,
45.25,
45.24,
45.25,
45.25,
45.23,
45.25,
45.26,
45.23,
45.25,
45.25,
45.23,
45.25,
45.25,
45.25,
45.25,
45.25,
45.25,
45.25,
45.24,
45.25,
45.25,
45.23,
45.25,
45.25,
45.23,
45.26,
45.25,