ascon-decryption,
45.45,
45.38,
45.37,
45.38,
45.36,
45.37,
45.38,
45.38,
45.36,
45.38,
45.37,
45.38,
45.36,
45.37,
45.38,
45.37,
45.36,
45.38,
45.37,
45.38,
45.36,
45.37,
45.38,
45.37,
45.36,
45.38,
45.37,
45.37,
45.36,
45.38,
45.37,
45.38,
45.36,
45.38,
45.38,
45.37,
45.36,
45.37,
45.38,
45.37,
45.36,
45.37,
45.38,
45.37,
45.36,
45.37,
45.38,
45.38,
45.36,
45.37,
45.38,
45.38,
45.36,
45.37,
45.37,
45.38,
45.36,
45.37,
45.38,
45.38,
45.36,
45.37,
45.37,
45.38,
45.36,
45.37,
45.38,
45.37,
45.36,
45.38,
45.37,
45.37,
45.36,
45.38,
45.38,
45.37,
45.36,
45.38,
45.37,
45.37,
45.36,
45.38,
45.37,
45.38,
45.36,
45.38,
45.38,
45.37,
45.36,
45.37,
45.38,
45.37,
45.36,
45.37,
45.38,
45.37,
45.36,
45.38,
45.38,
45.38,
45.36,
45.37,
45.38,
45.38,
45.36,
45.38,
45.37,
45.38,
45.36,
45.37,
45.38,
45.37,
45.36,
45.38,
45.37,
45.37,
45.36,
45.38,
45.37,
45.38,
45.36,
45.38,
45.37,
45.37,
45.36,
45.38,
45.38,
45.37,
45.36,
45.38,
45.37,
45.37,
45.36,
45.38,
45.38,
45.37,
45.36,
45.37,
45.38,
45.37,
45.36,
45.38,
45.38,
45.37,
45.36,
45.37,
45.38,
45.38,
45.36,
45.37,
45.38,
45.38,
45.36,
45.37,
45.38,
45.38,
45.36,
45.37,
45.38,
45.38,
45.36,
45.37,
45.37,
45.38,
45.36,
45.37,
45.38,
45.37,
45.36,
45.37,
45.38,
45.37,
45.36,
45.38,
45.38,
45.37,
45.36,
45.38,
45.37,
45.37,
45.36,
45.38,
45.38,
45.37,
45.36,
45.38,
45.38,
45.38,
45.36,
45.37,
45.38,
45.37,
45.36,
45.37,
45.38,
45.38,
45.36,
45.37,
45.38,
45.38,